1796
1813
1852
1891
1889
1804
1796
1801
1804
1808
1894
1808
1821
79
79
79
82
96
81
79
91
79
78
78
78
80
79
94
80
79
84
79
77
80
78
78
81
81
79
90
78
80
78
82
83
86
84
83
88
93
90
89
85
57
67
55
67
68
61
52
63
60
57
86
115
57
62
62
61
55
51
64
62
104
71
68
68
62
60
53
60
68
66
100
146
101
86
102
87
85
85
92
86
84
97
84
97
91
85
86
83
84
87
86
86
84
85
91
84
90
88
97
86
85
85
100
87
84
91
84
83
85
90
84
85
83
93
84
95
86
84
92
85
82
84
93
88
86
91
86
86
96
84
86
95
86
86
84
99
83
83
86
83
83
100
87
86
88
84
84
84
91
84
85
92
82
83
87
82
90
85
84
85
81
94
84
84
91
84
86
83
82
84
59
64
51
69
46
56
50
47
51
50
53
50
59
66
64
53
53
54
63
57
58
49
56
53
51
51
52
55
60
50
54
63
64
75
56
71
71
60
50
56
61
49
69
58
49
60
54
50
54
66
57
50
48
50
57
67
57
55
59
53
60
67
55
69
62
53
52
69
55
63
46
71
55
69
58
55
60
49
46
50
62
47
66
70
55
55
65
50
59
48
51
64
63
52
55
45
69
58
63
58
53
57
53
57
101
52
48
61
57
59
61
53
82
53
54
61
64
57
59
51
117
58
52
55
55
59
52
54
99
57
49
55
53
56
60
50
128
51
52
53
59
57
62
56
127
53
57
81
63
58
53
53
83
54
50
61
60
53
55
64
92
53
50
59
55
56
52
53
59
49
58
59
72
54
53
53
72
53
52
60
61
56
54
54
53
101
50
59
57
62
51
58
57
112
51
57
53
53
59
56
52
94
78
55
60
62
57
60
68
61
84
104
82
77
68
179
52
53
70
70
76
66
116
54
52
53
68
103
76
162
77
96
127
124
82
154
92
110
99
123
98
127
105
141
93
125
175
109
94
95
93
136
167
104
102
105
64
144
140
116
103
96
99
114
193
123
59
95
81
164
117
149
112
125
111
190
137
144
107
113
93
109
115
156
161
110
113
141
131
136
136
151
129
125
100
89
137
137
115
138
89
92
83
84
83
85
84
83
89
86
85
88
86
92
83
84
83
84
88
82
87
83
85
85
84
90
84
83
84
88
89
85
84
92
83
94
89
87
95
84
97
83
84
86
83
89
83
82
90
83
83
81
88
91
84
89
84
84
92
83
90
83
86
86
84
89
85
85
84
88
86
83
94
95
84
93
83
83
94
83
89
81
85
84
84
95
87
84
85
83
81
83
84
92
82
86
83
85
84
85
67
48
48
62
60
67
57
50
55
54
51
71
50
57
53
65
62
63
60
59
58
48
54
60
46
71
54
70
61
58
51
53
70
84
51
55
48
53
62
59
58
56
63
45
64
62
66
51
78
49
50
47
70
62
65
62
58
54
62
57
50
56
59
53
60
57
61
48
52
58
52
51
61
56
73
50
56
58
67
46
72
50
46
72
62
73
68
54
55
54
62
76
61
52
63
69
64
58
85
60
51
53
59
56
50
52
76
84
56
54
69
64
50
54
67
53
50
57
54
53
52
64
51
53
99
59
59
53
51
51
99
49
89
58
59
49
48
58
54
76
53
52
51
71
48
53
107
67
51
98
58
69
53
83
57
60
55
50
54
99
52
56
107
54
56
52
52
68
55
63
57
77
56
49
53
54
49
67
55
59
51
98
54
53
53
59
54
52
82
86
51
66
45
53
107
53
57
83
64
52
51
65
73
52
51
82
56
52
73
63
54
65
57
83
77
107
77
63
58
89
106
56
54
49
74
64
57
55
98
52
53
69
50
50
56
53
91
56
56
55
73
73
75
65
85
57
52
52
49
54
58
56
89
48
50
82
54
65
61
62
91
61
54
48
73
52
55
81
79
54
69
57
53
51
75
70
112
55
76
63
51
57
77
51
83
52
48
54
47
59
94
54
98
52
56
49
66
65
58
64
98
91
96
86
97
96
93
95
89
107
97
90
95
93
91
88
97
96
87
92
89
88
91
90
91
86
89
105
88
87
94
89
85
88
97
90
89
100
109
88
85
107
86
89
88
104
90
88
88
97
87
95
86
88
90
95
87
84
88
89
86
85
96
86
86
87
94
86
99
90
87
87
94
87
102
97
87
90
88
96
87
84
90
97
94
97
100
86
95
88
92
88
84
87
86
88
87
89
85
97
60
62
58
64
67
61
59
65
65
59
66
50
63
59
54
66
52
66
57
54
56
54
56
49
71
69
54
53
58
64
58
58
66
64
65
55
65
68
68
57
65
56
67
55
68
52
60
63
59
54
68
58
56
55
55
54
56
60
53
70
55
52
49
63
72
62
62
52
61
63
51
58
58
70
61
51
62
68
55
54
58
62
58
61
65
56
56
63
61
56
66
57
61
55
74
61
58
69
65
65
49
51
55
51
51
50
53
50
53
52
54
52
51
50
52
55
50
48
50
51
52
51
56
53
52
52
54
65
51
51
52
53
50
52
53
69
51
49
50
51
53
53
50
50
53
51
49
48
50
51
50
70
51
62
51
50
51
50
52
50
51
49
56
55
52
51
54
50
53
49
51
54
53
57
53
50
51
63
51
50
54
52
51
52
61
49
51
52
51
51
50
51
67
56
54
50
50
50
53
65
51
57
55
54
51
67
59
61
53
51
56
54
66
52
68
80
68
52
61
53
67
65
52
58
64
72
61
65
65
65
60
54
62
66
52
51
51
49
68
61
60
72
60
49
51
58
66
51
51
53
51
67
65
49
58
52
61
66
72
69
64
72
63
48
56
61
64
50
52
59
58
73
66
63
67
61
50
57
75
63
59
66
50
52
58
63
59
49
63
62
61
59
72
50
51
53
64
62
59
69
89
96
86
86
84
85
88
97
85
86
96
85
89
85
89
95
95
85
97
87
88
94
88
85
95
89
85
97
105
86
87
89
91
86
99
93
85
85
100
85
88
106
85
90
96
86
87
85
86
86
87
91
94
88
86
105
89
89
98
86
86
88
91
86
88
84
89
88
85
89
87
87
104
85
88
106
86
87
92
88
88
87
87
96
87
85
88
86
87
90
90
91
102
96
94
91
89
89
88
90
63
55
54
56
79
50
55
55
68
50
55
76
50
51
52
65
61
54
67
50
69
50
58
59
76
68
51
50
54
67
60
49
68
58
55
59
64
59
56
72
57
65
58
68
61
53
72
56
62
50
55
67
65
71
73
50
59
53
62
62
69
61
51
60
76
55
57
67
54
72
60
62
64
53
70
67
55
57
77
51
64
67
51
56
62
52
63
65
60
63
52
60
72
58
61
58
48
51
57
74
51
47
55
50
51
49
52
51
53
50
59
55
50
69
55
54
52
55
63
53
79
55
48
52
52
50
54
50
51
61
71
70
67
53
47
56
66
64
68
52
61
54
62
53
71
49
51
73
70
68
49
52
52
51
73
66
70
76
65
53
52
51
52
51
76
56
66
63
63
66
51
55
56
62
76
57
52
49
69
64
77
53
50
65
74
58
50
62
62
52
55
61
58
67
83
54
50
53
70
51
49
59
64
69
71
59
65
52
50
51
57
59
67
50
49
52
60
61
77
74
51
51
51
53
56
70
68
62
69
65
50
52
66
61
65
70
62
63
66
54
55
57
65
65
57
59
52
51
73
60
51
54
65
55
64
70
51
50
58
63
61
59
59
66
55
61
63
61
61
62
71
70
65
61
63
53
60
56
70
66
60
61
62
65
61
62
64
56
69
65
51
51
52
67
59
60
49
49
57
63
85
88
87
86
88
87
87
86
85
87
85
85
87
89
106
84
90
88
91
89
92
96
87
86
85
91
86
86
89
87
89
91
87
89
86
88
85
90
88
87
87
96
86
99
91
87
88
93
85
85
90
86
92
95
93
87
89
88
90
86
94
92
86
87
88
86
92
96
87
84
87
87
88
92
87
85
93
87
86
91
87
87
88
85
90
86
85
88
88
95
86
88
90
93
87
102
89
86
85
93
54
68
59
55
66
50
66
68
59
57
56
61
57
70
62
67
56
69
64
61
62
50
67
54
55
61
71
69
64
66
77
58
51
54
67
69
64
53
62
52
65
85
60
73
64
55
51
59
56
67
69
65
58
65
51
59
59
78
66
68
66
64
55
73
61
58
59
54
60
64
65
59
49
61
51
50
58
69
62
48
49
52
49
66
58
64
57
67
64
64
65
62
53
60
51
53
51
52
71
68
54
52
48
55
54
53
57
49
50
56
51
50
52
51
59
49
51
53
49
61
49
52
48
70
51
48
49
50
49
56
52
53
48
51
53
50
68
52
62
50
52
52
52
64
50
53
53
53
48
53
53
48
52
50
48
56
50
50
66
51
57
57
51
50
63
67
48
49
51
50
50
50
50
52
48
51
54
53
51
64
50
49
51
54
49
55
51
52
52
54
55
50
52
52
56
65
50
50
49
47
61
63
63
50
53
59
62
60
63
71
50
54
50
53
58
55
55
58
57
50
51
53
68
91
66
54
49
67
68
65
63
54
67
70
53
50
60
66
52
59
50
61
59
66
60
66
49
61
50
51
51
70
81
63
64
53
60
64
62
64
65
61
60
63
58
56
67
65
58
52
49
65
65
78
68
54
49
65
65
63
54
61
57
70
60
66
63
58
61
76
68
66
51
61
50
51
61
68
63
49
163
161
163
163
169
166
163
168
166
167
335
344
345
352
346
354
340
341
353
351
317
315
302
311
307
306
309
318
308
304
369
396
396
385
407
344
422
345
424
411
309
681
812
796
431
433
435
599
742
808
163
165
164
169
166
167
167
171
162
170
357
477
379
432
306
410
331
353
339
361
202
210
247
200
227
238
158
162
273
234
246
199
226
233
224
166
218
255
235
244
158
168
167
164
164
169
164
173
168
183
381
372
366
402
388
376
382
355
379
354
355
362
402
391
366
355
382
356
383
349
404
354
381
376
370
358
364
370
350
355
368
372
344
363
351
355
347
338
358
373
384
355
340
368
381
377
353
367
401
344
363
355
354
382
354
386
376
378
365
360
361
348
355
349
338
349
350
364
358
366
377
364
406
396
384
357
365
436
368
357
392
397
348
377
360
354
366
371
372
348
361
366
389
342
355
355
345
362
386
349
389
350
373
330
397
398
371
355
375
400
372
366
364
391
364
355
356
376
342
374
396
393
343
397
384
388
371
355
369
387
373
342
397
384
379
385
387
352
352
355
345
354
321
365
350
340
383
379
378
363
387
346
347
368
354
347
355
389
360
347
372
375
399
387
384
367
381
334
342
331
335
335
342
334
334
340
337
370
388
378
360
351
357
339
335
373
356
344
331
339
344
338
340
331
333
347
344
308
317
307
327
336
331
313
318
313
324
363
350
355
353
379
400
358
338
362
348
373
362
353
426
394
387
379
379
395
357
176
172
177
179
188
175
178
178
183
171
138
145
168
147
137
147
164
145
144
162
280
256
269
189
240
198
199
221
236
247
525
680
557
648
670
298
669
654
602
277
168
174
171
170
183
174
175
170
175
176
139
134
150
146
151
147
135
135
131
141
244
203
197
258
251
240
218
284
209
267
653
635
527
444
639
657
576
647
625
591
336
354
338
348
335
342
333
336
341
345
317
326
322
311
321
346
319
322
330
323
348
353
340
368
394
381
385
375
394
369
383
386
369
370
343
405
373
360
374
380
89
94
91
98
97
108
92
92
97
102
92
91
91
90
88
94
92
94
94
90
172
208
204
209
154
219
175
183
178
202
512
460
611
552
496
529
227
466
623
424
170
179
179
184
182
175
177
172
180
177
57
58
59
60
67
57
59
59
62
59
40
44
42
44
41
40
47
40
46
44
40
37
45
37
42
37
41
35
41
37
45
44
43
37
41
37
46
38
44
40
164
173
181
185
178
176
177
170
179
181
132
131
136
138
130
136
133
135
142
140
145
146
139
145
138
138
145
146
147
141
132
134
138
135
132
144
139
143
134
136
143
144
143
143
141
144
145
147
141
144
135
145
148
151
151
151
149
147
142
149
134
136
134
137
141
139
136
134
138
141
140
146
153
152
154
154
153
154
145
147
132
136
137
136
129
141
137
134
138
143
128
131
132
132
133
132
130
125
133
129
136
135
131
134
132
130
133
127
126
137
137
163
141
139
139
139
134
146
143
143
61
63
58
61
59
66
64
62
62
64
41
47
39
46
43
46
42
44
45
44
40
40
50
39
45
45
40
44
37
48
39
44
41
39
39
42
38
44
37
42
53
56
53
54
52
57
58
54
60
61
58
61
59
64
63
59
56
63
59
62
44
47
44
48
46
49
44
49
43
48
42
40
43
35
43
34
44
39
45
39
44
37
39
37
41
40
40
38
40
37
88
87
90
90
86
91
87
96
91
87
83
81
82
76
83
80
80
80
78
83
94
95
95
92
94
95
98
95
98
93
104
102
94
106
98
113
101
100
101
102
56
54
57
58
57
59
56
60
60
58
43
41
40
43
43
37
42
36
42
43
72
36
49
38
58
36
68
36
61
38
71
49
55
38
67
38
56
41
69
44
58
57
57
61
55
57
58
59
56
57
41
39
45
41
40
40
38
47
41
45
45
53
43
64
41
43
37
58
38
58
40
73
38
57
44
58
45
53
43
44
53
50
53
53
59
55
55
58
62
50
54
51
70
52
57
54
55
54
51
56
53
56
55
64
66
51
53
50
55
56
52
52
70
55
53
52
55
57
53
53
54
57
58
51
53
50
54
55
54
52
53
51
57
51
50
55
54
51
54
50
67
67
51
52
54
57
52
54
59
59
57
56
52
64
58
56
52
56
55
61
53
54
52
55
55
52
54
54
52
50
55
54
54
58
53
56
58
55
53
56
58
62
60
62
61
64
61
76
61
60
60
61
59
57
63
57
61
60
60
65
69
66
77
59
71
63
59
59
58
63
61
60
59
57
58
57
59
57
62
63
62
58
60
59
60
61
62
68
56
73
61
60
59
61
61
59
58
60
60
60
55
60
63
62
63
57
57
58
57
61
61
59
71
59
59
59
73
63
59
68
64
61
66
69
62
64
70
77
59
60
58
65
58
63
61
61
62
63
59
61
42
39
41
43
44
43
42
41
44
43
40
42
49
43
42
42
37
49
49
44
54
45
47
44
42
39
49
42
42
43
43
53
43
40
42
51
40
42
43
45
49
41
51
38
47
47
44
41
41
41
45
40
47
42
42
46
49
41
50
44
39
40
39
43
44
50
43
43
43
39
44
41
42
43
49
43
42
43
44
42
44
41
49
46
42
40
40
43
38
44
47
41
46
46
41
40
46
40
42
44
40
35
44
56
43
38
40
35
44
38
42
35
46
38
44
36
41
36
42
42
41
36
55
48
38
45
33
40
55
50
44
37
41
36
39
36
44
36
54
44
38
42
38
45
43
36
44
36
43
38
46
41
36
44
42
57
46
34
39
36
44
34
45
39
49
44
37
38
37
45
35
40
59
41
35
38
40
39
44
36
44
36
42
37
42
33
45
35
41
33
41
34
44
41
45
41
44
36
41
36
51
44
46
37
39
39
36
36
40
38
43
39
45
34
42
40
39
43
47
38
40
40
42
36
39
36
38
40
45
38
37
40
35
38
35
40
41
41
39
46
42
39
39
40
35
37
38
39
37
47
46
42
36
46
37
38
42
35
40
40
44
36
40
36
38
50
42
37
43
49
46
41
34
44
41
38
45
48
39
37
46
37
40
41
37
45
36
44
37
39
36
39
39
39
45
47
38
49
37
58
55
64
61
56
58
65
64
61
61
62
63
59
62
64
60
60
61
62
62
60
61
64
73
69
66
62
62
61
65
61
63
57
60
60
62
58
59
58
58
58
67
59
60
54
76
59
63
63
66
58
59
56
58
59
67
63
63
60
61
68
61
56
60
62
62
61
58
58
57
61
60
60
58
59
58
57
57
59
66
61
65
78
65
56
59
59
60
59
62
62
59
73
61
63
58
63
62
61
56
61
40
42
48
48
54
44
41
48
41
39
42
50
44
44
47
40
47
40
46
41
47
49
39
42
42
41
46
43
42
47
39
50
40
41
48
41
48
41
45
47
45
40
44
42
45
41
45
39
43
41
46
39
43
47
44
39
40
43
44
50
50
41
43
40
43
42
45
47
41
48
42
45
43
42
44
42
45
41
40
39
44
40
45
41
46
38
40
42
48
42
47
47
46
46
46
45
45
41
42
41
49
58
44
68
41
63
58
55
57
55
55
39
41
60
42
51
42
40
89
35
51
40
76
43
55
44
73
43
65
44
76
46
52
39
71
38
40
37
50
42
44
41
80
35
49
43
94
45
54
41
66
96
39
38
84
46
57
40
55
44
66
119
66
47
61
40
77
45
53
37
71
38
54
39
67
38
56
36
72
41
82
47
58
43
63
36
51
40
67
38
57
39
46
58
47
64
45
78
44
54
58
69
49
65
41
71
53
78
47
60
51
66
48
74
47
47
41
84
54
94
47
47
51
48
41
58
46
90
52
49
53
66
52
86
61
73
44
54
54
41
75
55
49
66
46
62
42
42
49
90
47
51
47
69
38
59
40
76
45
72
48
72
86
51
62
53
59
50
43
70
46
69
43
64
59
50
49
37
77
76
45
120
57
71
99
69
60
48
104
69
88
41
88
47
67
44
55
42
79
55
59
70
60
61
57
59
61
60
82
62
63
60
60
58
59
67
61
64
57
57
61
67
59
62
64
60
56
59
60
61
63
65
64
62
57
57
62
59
82
62
60
62
74
59
61
58
62
63
62
60
55
61
62
60
63
62
61
60
62
64
63
61
72
69
63
60
65
61
57
59
68
58
63
61
59
64
62
65
61
61
60
63
72
63
59
64
65
63
65
62
61
63
58
59
63
65
63
59
58
75
47
38
46
49
43
43
40
42
48
38
44
44
45
43
43
42
55
44
44
45
44
46
44
41
46
41
46
45
47
39
42
43
41
43
44
44
52
41
48
44
42
40
47
46
47
45
46
46
43
39
43
43
46
42
42
47
45
50
43
47
46
41
51
49
48
46
47
48
48
42
46
43
39
42
40
43
46
47
40
41
42
41
54
48
42
45
43
44
43
42
50
43
48
46
57
45
43
48
48
48
57
40
84
40
59
46
84
56
56
44
64
40
73
42
47
41
66
38
84
44
43
57
47
80
45
53
43
68
39
68
38
56
44
63
40
55
39
55
39
39
61
42
76
43
50
40
48
44
62
70
64
38
59
37
72
47
73
40
60
39
55
47
72
44
70
38
51
44
42
38
47
58
45
41
65
41
43
42
69
46
56
38
49
38
56
37
57
50
46
42
71
41
52
40
70
47
54
40
62
38
72
43
73
49
49
102
79
45
64
41
80
64
61
45
49
78
44
51
49
64
71
50
47
52
57
43
57
50
90
44
74
44
42
39
51
48
52
45
60
53
52
102
79
57
84
44
54
44
39
81
57
82
47
46
55
59
42
79
51
78
43
48
44
55
45
67
56
63
44
87
43
55
41
65
56
71
63
73
47
59
45
72
54
47
76
48
58
45
60
44
82
53
73
38
47
47
47
49
91
55
62
47
47
47
47
47
62
62
62
47
47
47
60
60
70
60
108
47
47
47
47
47
47
47
47
47
63
31
47
47
47
31
47
47
31
31
31
31
47
31
47
31
47
32
47
47
47
31
47
47
32
31
47
47
31
47
31
47
47
47
47
47
62
62
62
62
62
62
47
47
47
47
47
63
62
62
62
62
47
47
47
47
63
47
62
47
47
47
47
47
47
47
47
47
47
47
62
47
47
47
47
47
47
47
47
47
47
63
47
47
47
47
47
62
47
47
47
47
47
47
47
47
47
47
47
47
63
62
47
47
47
47
47
47
47
47
47
62
47
47
47
47
63
47
47
47
47
62
47
47
47
63
47
47
47
47
47
47
31
31
47
31
47
47
31
31
31
47
31
47
47
31
47
31
31
47
47
47
31
31
47
31
47
47
47
31
31
31
31
31
47
47
31
31
47
47
31
31
31
47
31
47
47
31
31
31
31
47
47
31
47
31
47
47
31
47
31
47
31
31
31
47
31
31
47
31
31
31
47
31
47
31
47
47
47
47
47
47
47
47
31
31
31
47
47
31
31
31
31
47
31
31
31
31
47
31
31
47
47
31
31
31
47
31
47
31
47
31
62
47
31
47
31
47
31
47
31
31
47
63
31
47
31
47
47
31
63
47
47
31
47
47
47
47
31
47
31
47
63
47
47
31
47
31
31
47
47
31
47
31
63
31
31
31
31
31
31
47
31
47
31
47
47
31
47
31
31
47
47
31
47
47
31
62
31
47
31
47
47
31
31
31
47
47
31
47
31
62
47
47
47
47
31
47
47
47
47
31
47
63
47
31
31
47
47
31
47
47
31
31
63
31
31
47
47
31
47
47
47
31
47
31
47
31
31
47
31
31
31
47
31
47
47
31
47
31
31
47
62
31
47
47
63
31
31
47
47
47
47
31
62
47
31
31
47
62
47
47
47
47
31
31
31
47
31
31
31
31
47
31
47
47
47
31
47
31
47
31
47
47
47
47
47
47
47
47
47
47
47
31
47
47
31
47
47
47
47
64
53
54
55
55
58
60
57
57
63
55
53
72
53
55
57
55
52
51
53
53
52
55
56
54
52
57
53
56
56
55
53
53
54
58
55
58
56
66
55
62
56
55
53
54
63
55
56
52
53
52
55
58
54
55
54
54
54
53
62
54
58
53
55
55
54
53
56
59
57
57
53
56
52
52
55
55
63
53
57
54
54
54
54
60
55
57
56
57
53
52
59
55
61
55
58
55
55
55
54
56
50
45
38
39
47
37
42
38
39
39
41
47
107
36
41
41
36
36
39
38
39
46
40
35
46
37
36
42
36
41
38
37
47
38
41
37
37
44
37
37
35
36
48
39
37
37
47
37
37
39
40
41
38
43
38
42
45
42
38
38
34
57
35
39
43
48
36
38
37
71
40
47
37
38
36
37
37
36
36
38
35
47
37
47
52
44
38
37
41
38
42
38
41
38
37
42
37
38
40
37
59
43
56
37
52
35
40
38
59
37
36
46
48
38
82
45
36
57
37
46
37
40
38
55
36
65
57
63
56
60
39
54
35
39
42
37
53
36
118
36
42
37
54
39
39
35
47
40
50
42
45
40
46
38
48
37
40
35
62
41
39
36
59
38
39
39
51
59
39
39
53
40
48
40
49
41
54
36
50
38
41
40
62
53
52
37
46
39
58
41
45
45
49
38
85
37
51
39
46
46
43
41
61
54
40
44
43
43
61
44
70
45
41
56
42
47
79
44
115
64
40
83
63
54
48
48
46
50
44
64
86
64
55
61
40
54
46
89
107
65
44
58
63
46
42
78
128
45
37
73
41
60
48
58
39
43
39
66
80
50
47
60
50
44
40
48
45
45
59
65
85
58
51
43
62
50
46
37
55
45
52
43
67
42
65
35
85
46
62
43
111
59
65
124
61
87
65
55
49
81
53
54
54
53
55
61
54
55
55
57
68
53
55
54
63
56
53
56
54
56
55
55
54
58
52
57
54
53
51
54
59
57
56
71
55
51
54
52
54
61
54
56
54
54
52
53
63
53
52
55
56
59
55
56
54
61
55
54
58
54
55
54
59
51
55
52
54
55
54
66
55
58
56
54
56
56
54
55
70
54
58
55
56
55
54
52
53
70
53
58
57
54
53
55
53
61
56
53
54
54
36
39
37
37
38
40
39
37
43
40
36
36
37
37
39
36
37
38
37
36
35
36
41
38
36
43
37
36
36
38
46
36
38
38
37
36
41
40
38
38
36
40
38
38
52
37
36
40
49
38
34
36
47
50
42
38
37
38
36
38
39
39
42
39
36
38
37
37
36
42
38
38
38
39
40
37
38
36
38
47
36
39
39
34
39
37
40
37
37
38
38
43
38
37
40
36
38
38
38
35
52
40
53
55
49
39
42
38
58
40
55
47
66
40
40
38
49
34
40
36
63
41
53
34
50
52
47
53
35
46
42
51
40
50
40
54
40
44
34
63
34
43
37
57
37
47
38
54
35
41
36
55
36
47
37
54
37
48
37
57
34
46
38
57
37
39
36
45
36
43
36
56
37
39
38
54
40
51
45
56
37
45
42
49
40
45
40
46
37
44
36
59
36
42
37
44
53
52
40
44
40
44
41
47
42
71
39
65
43
47
41
66
40
48
46
64
70
52
40
34
54
43
79
43
60
50
48
37
48
43
44
36
45
57
37
53
65
46
44
60
40
52
50
57
40
49
39
46
38
52
36
58
39
50
41
55
71
59
38
47
44
50
41
57
36
40
48
36
61
43
53
39
54
44
54
39
72
42
45
53
59
49
51
36
44
54
41
61
54
50
40
44
42
47
41
58
70
53
42
41
58
58
56
57
56
63
60
59
60
57
56
58
60
60
59
59
58
56
57
57
56
62
60
59
63
58
56
60
65
64
59
61
61
59
58
57
59
68
69
70
60
59
58
59
58
59
65
61
58
57
57
57
60
67
61
66
60
61
58
60
57
60
65
59
63
59
57
56
57
57
58
63
58
57
59
59
58
59
59
63
61
58
57
59
59
62
58
60
60
59
58
59
60
75
62
57
69
58
57
55
39
40
40
50
43
38
39
41
54
42
49
42
39
42
39
39
42
44
42
40
41
45
49
42
42
46
41
40
42
41
45
41
42
46
43
50
41
46
40
43
44
41
40
41
40
44
42
42
43
43
44
46
54
42
40
42
40
43
40
41
40
45
43
41
44
44
45
55
43
41
40
44
52
49
42
40
40
46
48
41
40
41
39
42
43
40
38
39
37
43
41
44
41
41
40
37
43
47
41
44
45
33
36
36
46
55
40
38
42
37
38
37
39
38
47
38
39
36
35
40
33
43
36
43
37
66
42
37
44
40
41
36
42
36
52
38
39
38
46
42
44
35
40
39
45
44
35
41
36
48
33
42
35
40
46
37
44
37
41
35
40
44
35
42
43
44
34
44
44
36
45
38
43
34
47
38
42
38
40
35
37
44
35
42
44
41
34
42
35
45
35
39
36
43
35
41
38
40
36
46
34
40
41
36
40
37
49
34
41
43
34
53
36
39
35
38
35
39
36
40
40
41
34
42
34
38
48
35
40
37
37
38
39
40
37
42
38
38
37
40
37
40
36
55
38
39
37
39
35
43
38
38
41
35
39
35
47
42
36
50
38
41
36
54
44
48
37
43
44
43
37
40
36
42
36
43
37
40
40
42
34
42
38
42
37
39
38
45
37
36
40
37
41
39
40
35
39
43
36
40
51
55
52
53
53
59
60
56
52
55
56
53
65
57
56
52
54
58
52
54
68
60
55
54
53
62
59
56
58
55
59
56
54
53
54
52
57
53
52
61
56
51
58
56
54
51
57
55
59
56
57
53
53
56
53
60
53
68
59
54
55
74
52
50
54
57
51
55
54
52
57
54
52
60
55
63
56
55
52
51
53
57
57
53
55
50
56
55
53
81
55
54
57
56
51
53
51
58
60
55
62
78
71
80
85
118
95
94
119
71
94
71
70
71
70
119
94
93
94
97
72
120
118
94
94
94
118
94
94
94
96
94
140
118
94
94
95
117
119
96
94
70
97
71
70
143
95
94
70
70
71
118
119
95
94
94
117
94
94
94
96
70
93
70
94
93
70
70
70
93
96
94
71
71
70
70
93
72
120
93
94
93
94
93
93
70
95
96
143
95
143
93
94
96
70
95
71
73
118
93
120
70
95
94
